01001001000000000000000000000000000000000000000000000000
00001001000001100010000000100000000000000000000000000000
00011001010000000001000000110110000000000000001000001100
00011011010000000001000000110110000000000000001000001100
01101010000000000000000000000000000000000000000000000000
00001001000001100010000000100000100000000000000000000000
00011010010000000001000000110110000010000000001000001100
00011010110000000001000000110110000010000000001000001100
00010111010000000010000001000001100000000000000000000000
00001001000001100010000000100001000000000000000000000000
00010010100001000000000100000000000000011100000010000000
00010010100001000000000100000000000000011100000010000000
00001001000000010000010000110000000000000000000000000000
00001001000001100000100000100000000000000000000000000000
00001001000001000001000000001010000010000000000000000000
00001110010000000001000000000000000000000000000000000000
00101000000000000000000000000000011100000000000000000000
00101000100000000000000000000000011000000000000000000000
00010010010000011000000000000000000000000000001000011100
00010010010000011000000000000000000000000000001000011100
00001001000001011000010010110000000000000000000000000000
00001001000001011000010010001100000010000000000000000000
00001001000000010000010000001000000010000000000000000000
00001000001000000010000000000001100100000000000000000000
00001000101000000010000000000001100000000000000000000000
00101100101000000000000000000000010000000000000000000000
00000000000000000000000000000000000000000000000000000000
00001001000001100100000000000000000100000000000000000000
00101110001001001000000010000000010000000000000000000000
00101110101000000000000000000000010000000000000000000000
00001001000000010100001000000000000100000000000000000000
00001001000001100100000000000000000000000000000000000000
10000000000010000000000000000000000000000000001000001000
00110000101000000000000000000000010000000000000000000000
00000000000000000000000000000000000000000000000000000000
00010000000100000100000000000000000100000000000000000000
00010000100000000000000000000000000000000000000000001000
00010011010001000000000101000000000000001100000000000000
00010011101000000000000000000000000100000001000000000000
00110011100000000000000000000000011100000000000000000000
00011011101000000000000000000000000100000000000000000010
00010100010001000000000101000000000000001100110000000000
00001001000001000000000101000000000000110100000000000000
00110101101000000000000000000000010000000000000000000000
00010010100001000000000101000000000001011100000110000000
00001001000000010100001000000000000100000000000000000000
00110111001000000000000000000000010000000000000000000000
00011000110001000000000101000000000000000100000000000000
00010111100000010100001000000000000100000000000000000000
00111000101000000000000000000000010000000000000000000000
00001110100000000000000000000000000000000000000000001000
00011100000000100100000000000000000100000010000000000001
00001100100000000000000000000000000000000000000000001000
00001011100000000000000000000000000000000000000000001000
00001100000000000000000000000000000000000000000000001000
00111011100000000000000000000000011100000000000000000000
00010101000001000000000101000000000000000100000000000000
00010101110000000000000000000000000000000000000001000000
00000000000000000000000000000000000000000000000000000000
00000000000000000000000000000000000000000000000000000000
00000000000000000000000000000000000000000000000000000000
00000000000000000000000000000000000000000000000000000000
00000000000000000000000000000000000000000000000000000000
00000000000000000000000000000000000000000000000000000000
