0100100100000000000000000000000000000000000000000000000000000000000000000000000
0000100100000110001000000010000000000000000000000000000000000000000000000000000
0001100101000000000100000011011000000000000000100000110000011000000000000000000
0001100101000000000100000011011000000000000000100000110001001000000000000110000
0110101000000000000000000000000000000000000000000000000000000000000000000000000
0000100100000110001000000010000010000000000000000000000000000000000000000000000
0001100101000000000100000011011000001000000000100000110000101000000000000001000
0001100101000000000100000011011000001000000000100000110000111000000000000111000
0001101001000000001000000100000110000000000000000000000001101000000000000000000
0000100100000110001000000010000100000000000000000000000000000000000000000000000
0001001010000100000000010000000000000001110000001000000000000000000000000000000
0001001010000100000000010000000000000001110000001000000000000000000000000000000
0000100100000001000001000011000000000000000000000000000000000000000000000000000
0000100100000110000010000010000000000000000000000000000000000000000000000000000
0000100100000100000100000000101000001000000000000000000000000000000000000000000
0001101001000000000100000000000000000000000000000000000010111000000000000000000
0010100000000000000000000000000001110000000000000000000000000000000000000000000
0010100010000000000000000000000001100000000000000000000000000000000000000000000
0001100101000001100000000000000000000000000000100001110001011000000000000000000
0001100101000001100000000000000000000000000000100001110001011000000000000000000
0000100100000101100001001011000000000000000000000000000000000000000000000000000
0000100100000101100001001000110000001000000000000000000000000000000000000000000
0000100100000001000001000000100000001000000000000000000000000000000000000000000
0000100000100000001000000000000110010000000000000000000000000000000000000000000
0000100010100000001000000000000110000000000000000000000000000000000000000000000
0010110010100000000000000000000001000000000000000000000000000000000000000000000
0000000000000000000000000000000000000000000000000000000000000000000000000000000
0000100100000110010000000000000000010000000000000000000000000000000000000000000
0010111000100100100000001000000001000000000000000000000000000000000000000000000
0010111010100000000000000000000001000000000000000000000000000000000000000000000
0000100100000001010000100000000000010000000000000000000000000000000000000000000
0000100100000110010000000000000000000000000000000000000000000000000000000000000
1000000000001000000000000000000000000000000000100000100000000000000000000000000
0011000010100000000000000000000001000000000000000000000000000000000000000000000
0000000000000000000000000000000000000000000000000000000000000000000000000000000
0001000000010000010000000000000000010000000000000000000000000000000000000000000
0000000000000000000000000000000000000000000000000000000000000000000000000000000
0001101001000100000000010100000000000000110010000000000010001000000000000110010
0001001110100000000000000000000000010000000000000000000000000000000000000000001
0011001110000000000000000000000001110000000000000000000000000000000000000000000
0001101110100000000000000000000000010000000000000000001000000000000000000000000
0001101001000100000000010100000000000000110011000000000010011000000000000110000
0000100100000100000000010100000000000011010000000000000000000000000000000000000
0011010110100000000000000000000001000000000000000000000000000000000000000000000
0000000000000000000000000000000000000000000000000000000000000000000000000000000
0000100100000001010000100000000000010000000000000000000000000000000000000000000
0011011100100000000000000000000001000000000000000000000000000000000000000000000
0001101001000100000000010100000000000000010000000000000001111000000000000000000
0001011110000001010000100000000000010000000000000000000000000000000000000000000
0011100010100000000000000000000001000000000000000000000000000000000000000000000
0001101000000000000000000000000000000000000000000000100000000000000000000000000
0001110000000010010000000000000000010000001000000000000100000000000000000000000
0001101010000000000000000000000000000000000000000000000000000010000100000000000
0001111001000000000000000000000000000000000000000000000000000101000001000000000
0001111010100000000000000000000000010000000000000000000000000000010000000000000
0011101110000000000000000000000001110000000000000000000000000000000000000000000
0001010100000100000000010100000000000000010000000000000000000000000000000000000
0001101001000000000000000000000000000000000000000100000010101000000000000000000
0001001010000100000000010100000000000101110000011000000000000000000000000000000
0001101100000000000000000000000000000000000000000000000000000000000000011100000
0011111000100000000000000000000001000000000000000000110000000000001000000000100
0011111010000000000000000000000001110000000000000000000000000000000000000000000
0001110110000000010000000000000000010000000000000000100000000000100000000000000
0001111101000000000000000000000000000000000000000000000000000001010010100000000
